18
[[2, 0]]
13
[[1, 1]]
9
[[0, 2]]
6
[[3, 1]]
3
[[4, 2]]
1
[[2, 2]]
[[2, 2]]
[[3, 1], [4, 2]]
3
[[4, 2]]
1
[[2, 2]]
[[2, 2]]
[[2, 2]]
1
[[4, 2]]
[[2, 2], [4, 2]]
1
[[4, 2]]
[[3, 1], [2, 2]]
1
[[4, 2]]
[[4, 2]]
[[3, 1]]
3
[[4, 2]]
1
[[2, 2]]
[[2, 2]]
[[3, 1], [4, 2]]
3
[[4, 2]]
1
[[2, 2]]
[[2, 2]]
[[2, 2]]
1
[[4, 2]]
[[0, 2], [2, 2]]
1
[[4, 2]]
[[0, 2], [2, 2], [4, 2]]
1
[[4, 2]]
[[3, 1], [2, 2]]
1
[[4, 2]]
[[2, 2], [4, 2]]
1
[[4, 2]]
[[4, 2]]
[[1, 1], [0, 2]]
9
[[0, 2]]
6
[[3, 1]]
3
[[4, 2]]
1
[[2, 2]]
[[2, 2]]
[[3, 1], [4, 2]]
3
[[4, 2]]
1
[[2, 2]]
[[2, 2]]
[[2, 2]]
1
[[4, 2]]
[[2, 2], [4, 2]]
1
[[4, 2]]
[[3, 1], [2, 2]]
1
[[4, 2]]
[[4, 2]]
[[3, 1]]
3
[[4, 2]]
1
[[2, 2]]
[[2, 2]]
[[3, 1], [4, 2]]
3
[[4, 2]]
1
[[2, 2]]
[[2, 2]]
[[2, 2]]
1
[[4, 2]]
[[0, 2], [2, 2]]
1
[[4, 2]]
[[0, 2], [2, 2], [4, 2]]
1
[[4, 2]]
[[3, 1], [2, 2]]
1
[[4, 2]]
[[2, 2], [4, 2]]
1
[[4, 2]]
[[4, 2]]
[[3, 1]]
6
[[0, 2]]
3
[[4, 2]]
1
[[2, 2]]
[[2, 2]]
[[4, 2]]
1
[[2, 2]]
[[2, 2]]
[[3, 1], [4, 2]]
6
[[0, 2]]
3
[[4, 2]]
1
[[2, 2]]
[[2, 2]]
[[4, 2]]
1
[[2, 2]]
[[2, 2]]
[[1, 1], [3, 1]]
6
[[0, 2]]
3
[[4, 2]]
1
[[2, 2]]
[[2, 2]]
[[4, 2]]
1
[[2, 2]]
[[2, 2]]
[[1, 1], [2, 2]]
6
[[0, 2]]
3
[[4, 2]]
1
[[2, 2]]
[[2, 2]]
[[4, 2]]
1
[[2, 2]]
[[2, 2]]
[[0, 2]]
3
[[4, 2]]
1
[[2, 2]]
[[2, 2]]
[[0, 2], [2, 2]]
3
[[4, 2]]
1
[[2, 2]]
[[2, 2]]
[[0, 2], [2, 2], [4, 2]]
3
[[4, 2]]
1
[[2, 2]]
[[2, 2]]
[[3, 1], [2, 2]]
3
[[4, 2]]
1
[[2, 2]]
[[2, 2]]
[[2, 2]]
1
[[4, 2]]
[[2, 2], [4, 2]]
1
[[4, 2]]
[[4, 2]]
[[2, 0], [1, 1]]
13
[[1, 1]]
9
[[0, 2]]
6
[[3, 1]]
3
[[4, 2]]
1
[[2, 2]]
[[2, 2]]
[[3, 1], [4, 2]]
3
[[4, 2]]
1
[[2, 2]]
[[2, 2]]
[[2, 2]]
1
[[4, 2]]
[[2, 2], [4, 2]]
1
[[4, 2]]
[[3, 1], [2, 2]]
1
[[4, 2]]
[[4, 2]]
[[3, 1]]
3
[[4, 2]]
1
[[2, 2]]
[[2, 2]]
[[3, 1], [4, 2]]
3
[[4, 2]]
1
[[2, 2]]
[[2, 2]]
[[2, 2]]
1
[[4, 2]]
[[0, 2], [2, 2]]
1
[[4, 2]]
[[0, 2], [2, 2], [4, 2]]
1
[[4, 2]]
[[3, 1], [2, 2]]
1
[[4, 2]]
[[2, 2], [4, 2]]
1
[[4, 2]]
[[4, 2]]
[[1, 1], [0, 2]]
9
[[0, 2]]
6
[[3, 1]]
3
[[4, 2]]
1
[[2, 2]]
[[2, 2]]
[[3, 1], [4, 2]]
3
[[4, 2]]
1
[[2, 2]]
[[2, 2]]
[[2, 2]]
1
[[4, 2]]
[[2, 2], [4, 2]]
1
[[4, 2]]
[[3, 1], [2, 2]]
1
[[4, 2]]
[[4, 2]]
[[3, 1]]
3
[[4, 2]]
1
[[2, 2]]
[[2, 2]]
[[3, 1], [4, 2]]
3
[[4, 2]]
1
[[2, 2]]
[[2, 2]]
[[2, 2]]
1
[[4, 2]]
[[0, 2], [2, 2]]
1
[[4, 2]]
[[0, 2], [2, 2], [4, 2]]
1
[[4, 2]]
[[3, 1], [2, 2]]
1
[[4, 2]]
[[2, 2], [4, 2]]
1
[[4, 2]]
[[4, 2]]
[[3, 1]]
6
[[0, 2]]
3
[[4, 2]]
1
[[2, 2]]
[[2, 2]]
[[4, 2]]
1
[[2, 2]]
[[2, 2]]
[[3, 1], [4, 2]]
6
[[0, 2]]
3
[[4, 2]]
1
[[2, 2]]
[[2, 2]]
[[4, 2]]
1
[[2, 2]]
[[2, 2]]
[[1, 1], [3, 1]]
6
[[0, 2]]
3
[[4, 2]]
1
[[2, 2]]
[[2, 2]]
[[4, 2]]
1
[[2, 2]]
[[2, 2]]
[[1, 1], [2, 2]]
6
[[0, 2]]
3
[[4, 2]]
1
[[2, 2]]
[[2, 2]]
[[4, 2]]
1
[[2, 2]]
[[2, 2]]
[[0, 2]]
3
[[4, 2]]
1
[[2, 2]]
[[2, 2]]
[[0, 2], [2, 2]]
3
[[4, 2]]
1
[[2, 2]]
[[2, 2]]
[[0, 2], [2, 2], [4, 2]]
3
[[4, 2]]
1
[[2, 2]]
[[2, 2]]
[[3, 1], [2, 2]]
3
[[4, 2]]
1
[[2, 2]]
[[2, 2]]
[[2, 2]]
1
[[4, 2]]
[[2, 2], [4, 2]]
1
[[4, 2]]
[[4, 2]]
[[2, 0], [1, 1], [0, 2]]
13
[[1, 1]]
9
[[0, 2]]
6
[[3, 1]]
3
[[4, 2]]
1
[[2, 2]]
[[2, 2]]
[[3, 1], [4, 2]]
3
[[4, 2]]
1
[[2, 2]]
[[2, 2]]
[[2, 2]]
1
[[4, 2]]
[[2, 2], [4, 2]]
1
[[4, 2]]
[[3, 1], [2, 2]]
1
[[4, 2]]
[[4, 2]]
[[3, 1]]
3
[[4, 2]]
1
[[2, 2]]
[[2, 2]]
[[3, 1], [4, 2]]
3
[[4, 2]]
1
[[2, 2]]
[[2, 2]]
[[2, 2]]
1
[[4, 2]]
[[0, 2], [2, 2]]
1
[[4, 2]]
[[0, 2], [2, 2], [4, 2]]
1
[[4, 2]]
[[3, 1], [2, 2]]
1
[[4, 2]]
[[2, 2], [4, 2]]
1
[[4, 2]]
[[4, 2]]
[[1, 1], [0, 2]]
9
[[0, 2]]
6
[[3, 1]]
3
[[4, 2]]
1
[[2, 2]]
[[2, 2]]
[[3, 1], [4, 2]]
3
[[4, 2]]
1
[[2, 2]]
[[2, 2]]
[[2, 2]]
1
[[4, 2]]
[[2, 2], [4, 2]]
1
[[4, 2]]
[[3, 1], [2, 2]]
1
[[4, 2]]
[[4, 2]]
[[3, 1]]
3
[[4, 2]]
1
[[2, 2]]
[[2, 2]]
[[3, 1], [4, 2]]
3
[[4, 2]]
1
[[2, 2]]
[[2, 2]]
[[2, 2]]
1
[[4, 2]]
[[0, 2], [2, 2]]
1
[[4, 2]]
[[0, 2], [2, 2], [4, 2]]
1
[[4, 2]]
[[3, 1], [2, 2]]
1
[[4, 2]]
[[2, 2], [4, 2]]
1
[[4, 2]]
[[4, 2]]
[[3, 1]]
6
[[0, 2]]
3
[[4, 2]]
1
[[2, 2]]
[[2, 2]]
[[4, 2]]
1
[[2, 2]]
[[2, 2]]
[[3, 1], [4, 2]]
6
[[0, 2]]
3
[[4, 2]]
1
[[2, 2]]
[[2, 2]]
[[4, 2]]
1
[[2, 2]]
[[2, 2]]
[[1, 1], [3, 1]]
6
[[0, 2]]
3
[[4, 2]]
1
[[2, 2]]
[[2, 2]]
[[4, 2]]
1
[[2, 2]]
[[2, 2]]
[[1, 1], [2, 2]]
6
[[0, 2]]
3
[[4, 2]]
1
[[2, 2]]
[[2, 2]]
[[4, 2]]
1
[[2, 2]]
[[2, 2]]
[[0, 2]]
3
[[4, 2]]
1
[[2, 2]]
[[2, 2]]
[[0, 2], [2, 2]]
3
[[4, 2]]
1
[[2, 2]]
[[2, 2]]
[[0, 2], [2, 2], [4, 2]]
3
[[4, 2]]
1
[[2, 2]]
[[2, 2]]
[[3, 1], [2, 2]]
3
[[4, 2]]
1
[[2, 2]]
[[2, 2]]
[[2, 2]]
1
[[4, 2]]
[[2, 2], [4, 2]]
1
[[4, 2]]
[[4, 2]]
[[2, 0], [3, 1]]
13
[[1, 1]]
9
[[0, 2]]
6
[[3, 1]]
3
[[4, 2]]
1
[[2, 2]]
[[2, 2]]
[[3, 1], [4, 2]]
3
[[4, 2]]
1
[[2, 2]]
[[2, 2]]
[[2, 2]]
1
[[4, 2]]
[[2, 2], [4, 2]]
1
[[4, 2]]
[[3, 1], [2, 2]]
1
[[4, 2]]
[[4, 2]]
[[3, 1]]
3
[[4, 2]]
1
[[2, 2]]
[[2, 2]]
[[3, 1], [4, 2]]
3
[[4, 2]]
1
[[2, 2]]
[[2, 2]]
[[2, 2]]
1
[[4, 2]]
[[0, 2], [2, 2]]
1
[[4, 2]]
[[0, 2], [2, 2], [4, 2]]
1
[[4, 2]]
[[3, 1], [2, 2]]
1
[[4, 2]]
[[2, 2], [4, 2]]
1
[[4, 2]]
[[4, 2]]
[[1, 1], [0, 2]]
9
[[0, 2]]
6
[[3, 1]]
3
[[4, 2]]
1
[[2, 2]]
[[2, 2]]
[[3, 1], [4, 2]]
3
[[4, 2]]
1
[[2, 2]]
[[2, 2]]
[[2, 2]]
1
[[4, 2]]
[[2, 2], [4, 2]]
1
[[4, 2]]
[[3, 1], [2, 2]]
1
[[4, 2]]
[[4, 2]]
[[3, 1]]
3
[[4, 2]]
1
[[2, 2]]
[[2, 2]]
[[3, 1], [4, 2]]
3
[[4, 2]]
1
[[2, 2]]
[[2, 2]]
[[2, 2]]
1
[[4, 2]]
[[0, 2], [2, 2]]
1
[[4, 2]]
[[0, 2], [2, 2], [4, 2]]
1
[[4, 2]]
[[3, 1], [2, 2]]
1
[[4, 2]]
[[2, 2], [4, 2]]
1
[[4, 2]]
[[4, 2]]
[[3, 1]]
6
[[0, 2]]
3
[[4, 2]]
1
[[2, 2]]
[[2, 2]]
[[4, 2]]
1
[[2, 2]]
[[2, 2]]
[[3, 1], [4, 2]]
6
[[0, 2]]
3
[[4, 2]]
1
[[2, 2]]
[[2, 2]]
[[4, 2]]
1
[[2, 2]]
[[2, 2]]
[[1, 1], [3, 1]]
6
[[0, 2]]
3
[[4, 2]]
1
[[2, 2]]
[[2, 2]]
[[4, 2]]
1
[[2, 2]]
[[2, 2]]
[[1, 1], [2, 2]]
6
[[0, 2]]
3
[[4, 2]]
1
[[2, 2]]
[[2, 2]]
[[4, 2]]
1
[[2, 2]]
[[2, 2]]
[[0, 2]]
3
[[4, 2]]
1
[[2, 2]]
[[2, 2]]
[[0, 2], [2, 2]]
3
[[4, 2]]
1
[[2, 2]]
[[2, 2]]
[[0, 2], [2, 2], [4, 2]]
3
[[4, 2]]
1
[[2, 2]]
[[2, 2]]
[[3, 1], [2, 2]]
3
[[4, 2]]
1
[[2, 2]]
[[2, 2]]
[[2, 2]]
1
[[4, 2]]
[[2, 2], [4, 2]]
1
[[4, 2]]
[[4, 2]]
[[2, 0], [3, 1], [4, 2]]
13
[[1, 1]]
9
[[0, 2]]
6
[[3, 1]]
3
[[4, 2]]
1
[[2, 2]]
[[2, 2]]
[[3, 1], [4, 2]]
3
[[4, 2]]
1
[[2, 2]]
[[2, 2]]
[[2, 2]]
1
[[4, 2]]
[[2, 2], [4, 2]]
1
[[4, 2]]
[[3, 1], [2, 2]]
1
[[4, 2]]
[[4, 2]]
[[3, 1]]
3
[[4, 2]]
1
[[2, 2]]
[[2, 2]]
[[3, 1], [4, 2]]
3
[[4, 2]]
1
[[2, 2]]
[[2, 2]]
[[2, 2]]
1
[[4, 2]]
[[0, 2], [2, 2]]
1
[[4, 2]]
[[0, 2], [2, 2], [4, 2]]
1
[[4, 2]]
[[3, 1], [2, 2]]
1
[[4, 2]]
[[2, 2], [4, 2]]
1
[[4, 2]]
[[4, 2]]
[[1, 1], [0, 2]]
9
[[0, 2]]
6
[[3, 1]]
3
[[4, 2]]
1
[[2, 2]]
[[2, 2]]
[[3, 1], [4, 2]]
3
[[4, 2]]
1
[[2, 2]]
[[2, 2]]
[[2, 2]]
1
[[4, 2]]
[[2, 2], [4, 2]]
1
[[4, 2]]
[[3, 1], [2, 2]]
1
[[4, 2]]
[[4, 2]]
[[3, 1]]
3
[[4, 2]]
1
[[2, 2]]
[[2, 2]]
[[3, 1], [4, 2]]
3
[[4, 2]]
1
[[2, 2]]
[[2, 2]]
[[2, 2]]
1
[[4, 2]]
[[0, 2], [2, 2]]
1
[[4, 2]]
[[0, 2], [2, 2], [4, 2]]
1
[[4, 2]]
[[3, 1], [2, 2]]
1
[[4, 2]]
[[2, 2], [4, 2]]
1
[[4, 2]]
[[4, 2]]
[[3, 1]]
6
[[0, 2]]
3
[[4, 2]]
1
[[2, 2]]
[[2, 2]]
[[4, 2]]
1
[[2, 2]]
[[2, 2]]
[[3, 1], [4, 2]]
6
[[0, 2]]
3
[[4, 2]]
1
[[2, 2]]
[[2, 2]]
[[4, 2]]
1
[[2, 2]]
[[2, 2]]
[[1, 1], [3, 1]]
6
[[0, 2]]
3
[[4, 2]]
1
[[2, 2]]
[[2, 2]]
[[4, 2]]
1
[[2, 2]]
[[2, 2]]
[[1, 1], [2, 2]]
6
[[0, 2]]
3
[[4, 2]]
1
[[2, 2]]
[[2, 2]]
[[4, 2]]
1
[[2, 2]]
[[2, 2]]
[[0, 2]]
3
[[4, 2]]
1
[[2, 2]]
[[2, 2]]
[[0, 2], [2, 2]]
3
[[4, 2]]
1
[[2, 2]]
[[2, 2]]
[[0, 2], [2, 2], [4, 2]]
3
[[4, 2]]
1
[[2, 2]]
[[2, 2]]
[[3, 1], [2, 2]]
3
[[4, 2]]
1
[[2, 2]]
[[2, 2]]
[[2, 2]]
1
[[4, 2]]
[[2, 2], [4, 2]]
1
[[4, 2]]
[[4, 2]]
[[1, 1]]
9
[[0, 2]]
6
[[3, 1]]
3
[[4, 2]]
1
[[2, 2]]
[[2, 2]]
[[3, 1], [4, 2]]
3
[[4, 2]]
1
[[2, 2]]
[[2, 2]]
[[2, 2]]
1
[[4, 2]]
[[2, 2], [4, 2]]
1
[[4, 2]]
[[3, 1], [2, 2]]
1
[[4, 2]]
[[4, 2]]
[[3, 1]]
3
[[4, 2]]
1
[[2, 2]]
[[2, 2]]
[[3, 1], [4, 2]]
3
[[4, 2]]
1
[[2, 2]]
[[2, 2]]
[[2, 2]]
1
[[4, 2]]
[[0, 2], [2, 2]]
1
[[4, 2]]
[[0, 2], [2, 2], [4, 2]]
1
[[4, 2]]
[[3, 1], [2, 2]]
1
[[4, 2]]
[[2, 2], [4, 2]]
1
[[4, 2]]
[[4, 2]]
[[1, 1], [0, 2]]
9
[[0, 2]]
6
[[3, 1]]
3
[[4, 2]]
1
[[2, 2]]
[[2, 2]]
[[3, 1], [4, 2]]
3
[[4, 2]]
1
[[2, 2]]
[[2, 2]]
[[2, 2]]
1
[[4, 2]]
[[2, 2], [4, 2]]
1
[[4, 2]]
[[3, 1], [2, 2]]
1
[[4, 2]]
[[4, 2]]
[[3, 1]]
3
[[4, 2]]
1
[[2, 2]]
[[2, 2]]
[[3, 1], [4, 2]]
3
[[4, 2]]
1
[[2, 2]]
[[2, 2]]
[[2, 2]]
1
[[4, 2]]
[[0, 2], [2, 2]]
1
[[4, 2]]
[[0, 2], [2, 2], [4, 2]]
1
[[4, 2]]
[[3, 1], [2, 2]]
1
[[4, 2]]
[[2, 2], [4, 2]]
1
[[4, 2]]
[[4, 2]]
[[1, 1], [3, 1]]
9
[[0, 2]]
6
[[3, 1]]
3
[[4, 2]]
1
[[2, 2]]
[[2, 2]]
[[3, 1], [4, 2]]
3
[[4, 2]]
1
[[2, 2]]
[[2, 2]]
[[2, 2]]
1
[[4, 2]]
[[2, 2], [4, 2]]
1
[[4, 2]]
[[3, 1], [2, 2]]
1
[[4, 2]]
[[4, 2]]
[[3, 1]]
3
[[4, 2]]
1
[[2, 2]]
[[2, 2]]
[[3, 1], [4, 2]]
3
[[4, 2]]
1
[[2, 2]]
[[2, 2]]
[[2, 2]]
1
[[4, 2]]
[[0, 2], [2, 2]]
1
[[4, 2]]
[[0, 2], [2, 2], [4, 2]]
1
[[4, 2]]
[[3, 1], [2, 2]]
1
[[4, 2]]
[[2, 2], [4, 2]]
1
[[4, 2]]
[[4, 2]]
[[1, 1], [2, 2]]
9
[[0, 2]]
6
[[3, 1]]
3
[[4, 2]]
1
[[2, 2]]
[[2, 2]]
[[3, 1], [4, 2]]
3
[[4, 2]]
1
[[2, 2]]
[[2, 2]]
[[2, 2]]
1
[[4, 2]]
[[2, 2], [4, 2]]
1
[[4, 2]]
[[3, 1], [2, 2]]
1
[[4, 2]]
[[4, 2]]
[[3, 1]]
3
[[4, 2]]
1
[[2, 2]]
[[2, 2]]
[[3, 1], [4, 2]]
3
[[4, 2]]
1
[[2, 2]]
[[2, 2]]
[[2, 2]]
1
[[4, 2]]
[[0, 2], [2, 2]]
1
[[4, 2]]
[[0, 2], [2, 2], [4, 2]]
1
[[4, 2]]
[[3, 1], [2, 2]]
1
[[4, 2]]
[[2, 2], [4, 2]]
1
[[4, 2]]
[[4, 2]]
[[0, 2]]
6
[[3, 1]]
3
[[4, 2]]
1
[[2, 2]]
[[2, 2]]
[[3, 1], [4, 2]]
3
[[4, 2]]
1
[[2, 2]]
[[2, 2]]
[[2, 2]]
1
[[4, 2]]
[[2, 2], [4, 2]]
1
[[4, 2]]
[[3, 1], [2, 2]]
1
[[4, 2]]
[[4, 2]]
[[0, 2], [2, 2]]
6
[[3, 1]]
3
[[4, 2]]
1
[[2, 2]]
[[2, 2]]
[[3, 1], [4, 2]]
3
[[4, 2]]
1
[[2, 2]]
[[2, 2]]
[[2, 2]]
1
[[4, 2]]
[[2, 2], [4, 2]]
1
[[4, 2]]
[[3, 1], [2, 2]]
1
[[4, 2]]
[[4, 2]]
[[0, 2], [2, 2], [4, 2]]
6
[[3, 1]]
3
[[4, 2]]
1
[[2, 2]]
[[2, 2]]
[[3, 1], [4, 2]]
3
[[4, 2]]
1
[[2, 2]]
[[2, 2]]
[[2, 2]]
1
[[4, 2]]
[[2, 2], [4, 2]]
1
[[4, 2]]
[[3, 1], [2, 2]]
1
[[4, 2]]
[[4, 2]]
[[3, 1]]
3
[[4, 2]]
1
[[2, 2]]
[[2, 2]]
[[3, 1], [2, 2]]
3
[[4, 2]]
1
[[2, 2]]
[[2, 2]]
[[3, 1], [4, 2]]
3
[[4, 2]]
1
[[2, 2]]
[[2, 2]]
[[2, 2]]
1
[[4, 2]]
[[2, 2], [4, 2]]
1
[[4, 2]]
[[4, 2]]
0
